City,Cloudiness,Country,Date,Humidity,Lat,Lng,Max Temp,Wind Speed
Rikitea,56,PF,1511049980,100,-23.12,-134.97,73.43,17.47
Neuquen,0,AR,1511046000,40,-38.95,-68.06,69.8,17.22
Amparihy,75,MG,1511046000,88,-25.02,46.97,71.6,6.17
Dikson,20,RU,1511049981,100,73.51,80.55,-2.99,12.77
Port Elizabeth,0,ZA,1511046000,93,-33.92,25.57,55.4,5.82
Avarua,75,CK,1511046000,74,-21.21,-159.78,80.6,13.87
Nizhnekamsk,90,RU,1511047800,97,55.64,51.82,32.0,15.66
New Norfolk,75,AU,1511046000,36,-42.78,147.06,75.2,11.41
Roald,20,NO,1511049000,93,62.58,6.13,35.6,3.36
Hermanus,0,ZA,1511049985,96,-34.42,19.23,46.34,2.59
Saskylakh,56,RU,1511049985,84,71.92,114.08,3.09,7.85
Montceau-les-Mines,75,FR,1511049600,91,46.67,4.37,32.0,4.38
Khandyga,12,RU,1511049986,65,62.67,135.6,-35.21,2.37
Santa Luzia,75,BR,1511046000,88,-19.77,-43.85,68.0,9.17
Tomatlan,0,MX,1511049987,66,19.93,-105.25,83.33,3.38
Katsuura,75,JP,1511047800,39,35.13,140.3,48.2,19.46
Bredasdorp,0,ZA,1511046000,87,-34.53,20.04,57.2,3.36
Butaritari,24,KI,1511049988,100,3.07,172.79,82.61,8.75
Clyde River,40,CA,1511046000,82,70.47,-68.59,-18.41,3.36
Luderitz,0,NA,1511049990,74,-26.65,15.16,56.01,11.77
Weener,92,DE,1511049300,86,53.17,7.35,42.8,4.7
Jamestown,90,US,1511049360,93,42.1,-79.24,51.8,12.75
East London,0,ZA,1511049991,100,-33.02,27.91,65.33,6.73
Mathura,0,IN,1511049992,76,27.5,77.68,59.34,9.98
Talnakh,0,RU,1511049993,73,69.49,88.4,-24.68,3.04
Cayenne,0,GF,1511047800,94,4.93,-52.33,77.0,2.24
Severo-Kurilsk,92,RU,1511049993,100,50.68,156.12,37.25,32.79
Ponta do Sol,75,PT,1511047800,68,32.67,-17.1,66.2,12.75
Pyt-Yakh,68,RU,1511049994,87,60.75,72.86,17.94,6.73
Tsiombe,20,MG,1511049995,87,-25.3,45.48,62.49,5.73
Bluff,8,NZ,1511049995,93,-46.6,168.33,55.79,13.56
Sibolga,88,ID,1511049996,100,1.74,98.78,68.34,0.69
Ancud,32,CL,1511049997,91,-41.87,-73.82,50.48,7.74
Lebu,88,CL,1511049997,99,-37.62,-73.65,55.47,10.54
Roma,0,IT,1511047200,75,41.89,12.48,50.0,5.82
Karratha,0,AU,1511049998,34,-20.74,116.85,80.49,4.61
Ushuaia,75,AR,1511046000,100,-54.8,-68.3,33.8,31.09
Hofn,8,IS,1511049999,100,64.25,-15.21,33.24,9.98
Cairns,40,AU,1511046000,65,-16.92,145.77,82.4,6.93
Busselton,64,AU,1511050000,100,-33.65,115.33,61.86,4.5
Ternate,48,ID,1511050000,100,0.8,127.4,82.88,5.84
Dhana,92,IN,1511049852,78,23.75,78.85,64.47,6.85
Straumen,0,NO,1511049000,85,63.87,11.3,24.8,4.7
Tibu,88,CO,1511050002,99,8.64,-72.74,71.81,1.92
Pimentel,0,PE,1511046000,72,-6.84,-79.93,68.0,20.8
Svetlyy,75,RU,1511046000,100,54.67,20.13,35.6,13.42
Barenburg,12,DE,1511049000,86,52.62,8.8,39.2,13.87
Kantang,0,TH,1511050004,100,7.41,99.52,76.94,3.04
Vaitape,48,PF,1511050004,100,-16.52,-151.75,80.18,22.28
Lupiro,32,TZ,1511050005,59,-8.38,36.67,81.35,6.4
Antonovo,88,BG,1511049600,100,43.15,26.17,46.4,4.7
Payson,1,US,1511049360,51,40.04,-111.73,39.2,1.81
Kyren,0,RU,1511050007,38,51.68,102.14,-15.41,1.92
Sao Filipe,0,CV,1511050007,100,14.9,-24.5,77.07,10.98
Aklavik,75,CA,1511046600,84,68.22,-135.01,3.2,8.05
Barrow,90,US,1511045580,84,71.29,-156.79,8.6,10.29
Yinchuan,80,CN,1511050008,52,38.47,106.27,22.4,3.04
Torbay,90,CA,1511046000,93,47.67,-52.73,41.0,9.17
Korla,0,CN,1511050009,79,41.76,86.15,14.52,3.38
Sola,92,VU,1511050010,99,-13.88,167.55,80.81,15.46
Jinhua,8,CN,1511050010,62,41.43,128.03,1.79,5.28
Havelock,20,US,1511045880,72,34.88,-76.9,66.2,10.29
Kuching,75,MY,1511047800,94,1.55,110.33,77.0,2.24
Fort-Shevchenko,64,KZ,1511050011,100,44.51,50.26,45.53,21.83
Ilulissat,0,GL,1511049000,49,69.22,-51.1,-0.41,3.71
Saldanha,0,ZA,1511046000,82,-33.01,17.94,55.4,1.12
Ribeira Grande,76,PT,1511050014,99,38.52,-28.7,68.16,14.9
Thompson,90,CA,1511046000,72,55.74,-97.86,10.4,17.22
Constitucion,0,CL,1511050015,79,-35.33,-72.42,58.58,17.69
Bambous Virieux,40,MU,1511046000,88,-20.34,57.76,75.2,4.7
Pisco,0,PE,1511046000,82,-13.7,-76.22,66.2,18.34
Atar,0,MR,1511050017,31,20.52,-13.05,57.59,5.17
Cape Town,0,ZA,1511046000,93,-33.93,18.42,57.2,4.7
Narsaq,56,GL,1511049000,67,60.92,-46.05,17.6,3.36
Mackenzie,90,CA,1511046000,100,55.3,-123.17,30.2,5.82
Puerto Ayora,20,EC,1511046000,50,-0.74,-90.35,77.0,16.11
Jashpurnagar,0,IN,1511050020,98,22.9,84.15,62.45,2.93
Albany,90,US,1511049060,75,42.65,-73.76,42.8,14.99
Tecoanapa,100,MX,1511050020,85,16.52,-98.75,77.75,4.83
Pangody,48,RU,1511050021,74,65.85,74.49,-2.72,5.95
Kapaa,75,US,1511045760,73,22.08,-159.32,77.0,17.22
Dongsheng,76,CN,1511050022,64,39.82,109.98,8.18,2.93
Muriae,48,BR,1511050022,85,-21.13,-42.37,70.14,3.71
Kodiak,1,US,1511045580,55,57.79,-152.41,37.4,11.41
Atuona,64,PF,1511050023,100,-9.8,-139.03,79.46,11.32
Vaini,90,TO,1511046000,94,-21.2,-175.2,77.0,10.65
Bengkulu,92,ID,1511050024,100,-3.8,102.27,74.33,3.6
Hobart,75,AU,1511046000,36,-42.88,147.33,75.2,11.41
Cam Ranh,92,VN,1511050025,100,11.92,109.16,74.01,15.35
Lavrentiya,92,RU,1511050025,100,65.58,-171.0,32.34,32.01
Flinders,75,AU,1511046000,56,-34.58,150.86,69.8,8.05
Lerwick,44,GB,1511049000,100,60.15,-1.15,44.6,23.04
Mitchell,1,US,1511049180,58,43.71,-98.03,30.2,10.29
Khatanga,20,RU,1511050027,55,71.97,102.5,-10.68,13.22
Chokurdakh,88,RU,1511050028,80,70.63,147.92,13.85,10.98
Barhi,44,IN,1511050028,97,23.9,80.8,64.74,5.95
Marsa Matruh,0,EG,1511050028,82,31.35,27.25,48.41,4.16
Vardo,40,NO,1511049000,74,70.37,31.11,37.4,18.34
Palkonda,56,IN,1511050029,97,18.6,83.75,70.41,2.93
Punta Arenas,56,CL,1511050030,100,-53.15,-70.92,39.95,34.69
Bodden Town,20,KY,1511046000,83,19.28,-81.25,80.6,10.29
College,40,US,1511047200,75,64.86,-147.8,-11.21,3.71
Vostok,24,RU,1511050032,61,46.49,135.88,-8.39,3.15
Kununurra,64,AU,1511046000,78,-15.77,128.73,80.6,8.05
San Cristobal,75,VE,1511046000,100,7.77,-72.22,73.4,6.93
Kentau,0,KZ,1511050034,65,43.52,68.51,4.58,2.37
Port Alfred,0,ZA,1511049861,99,-33.59,26.89,58.49,5.84
Ocampo,0,MX,1511050035,22,21.65,-101.5,66.14,8.41
Victoria,20,CA,1511049360,81,48.43,-123.37,51.8,6.93
Coffs Harbour,75,AU,1511046000,88,-30.3,153.13,66.2,8.05
Iqaluit,20,CA,1511046000,56,63.75,-68.51,12.2,14.99
Teahupoo,75,PF,1511047800,78,-17.83,-149.27,78.8,9.17
Passo Fundo,20,BR,1511046000,72,-28.26,-52.41,62.6,11.41
Pitimbu,20,BR,1511046000,74,-7.47,-34.81,78.8,6.93
Victoria Point,75,AU,1511047500,73,-27.58,153.3,75.2,10.29
Tautira,75,PF,1511047800,78,-17.73,-149.15,78.8,9.17
Australind,48,AU,1511050038,90,-33.27,115.72,62.45,5.39
Krasnyy Bor,75,RU,1511047800,93,59.68,30.67,37.4,4.47
Esperance,8,AU,1511050039,98,-33.87,121.9,66.14,4.27
Port Macquarie,90,AU,1511046000,88,-31.43,152.92,64.4,5.82
Kokstad,0,ZA,1511050040,65,-30.55,29.42,44.09,0.92
Cabo San Lucas,5,MX,1511045460,27,22.89,-109.91,89.6,8.05
Rincon,1,US,1511049300,77,32.3,-81.24,68.0,6.93
Akureyri,20,IS,1511046000,92,65.68,-18.09,15.8,2.24
Buala,56,SB,1511050041,85,-8.14,159.59,85.04,4.61
Cabedelo,20,BR,1511046000,74,-6.98,-34.83,78.8,6.93
Tocopilla,0,CL,1511050043,92,-22.09,-70.2,58.62,4.38
Aura,92,FI,1511049000,100,60.62,22.58,32.0,3.36
Tuktoyaktuk,90,CA,1511046000,84,69.45,-133.04,3.2,8.05
Oleggio,0,IT,1511047200,71,45.6,8.64,39.2,4.7
San Andres,40,CO,1511046000,78,12.58,-81.7,82.4,8.05
Yulara,75,AU,1511046000,54,-25.24,130.99,78.8,8.05
Kavieng,48,PG,1511050045,100,-2.57,150.8,84.23,3.38
Hilo,20,US,1511045760,61,19.73,-155.09,78.8,10.29
Chipinge,12,ZW,1511050047,96,-20.19,32.62,64.34,2.82
Kuroiso,20,JP,1511046000,47,36.97,140.05,37.4,8.05
Koslan,88,RU,1511050048,76,63.46,48.9,32.66,7.18
Chicama,40,PE,1511046000,82,-7.84,-79.15,66.2,10.29
Maceio,40,BR,1511046000,83,-9.67,-35.74,75.2,9.17
Strezhevoy,90,RU,1511047800,100,60.73,77.59,19.4,4.47
Buraydah,20,SA,1511046000,39,26.33,43.98,66.2,3.15
Alofi,88,NU,1511046000,74,-19.06,-169.92,86.0,10.29
Gazanjyk,48,TM,1511050050,98,39.24,55.52,36.62,3.15
Qaanaaq,24,GL,1511049877,100,77.48,-69.36,-3.62,10.76
Yumen,0,CN,1511050051,80,40.28,97.2,18.17,6.96
Kavaratti,0,IN,1511050052,100,10.57,72.64,82.52,3.6
Kargasok,64,RU,1511050053,83,59.06,80.86,21.41,6.06
Poum,80,NC,1511050053,100,-20.23,164.02,74.33,6.73
Morondava,20,MG,1511050054,92,-20.28,44.28,77.57,3.71
Stabat,40,ID,1511047800,100,3.76,98.45,75.2,3.36
Sur,0,OM,1511050054,100,22.57,59.53,74.46,8.19
Longyearbyen,40,SJ,1511049000,67,78.22,15.64,23.0,13.87
Pevek,88,RU,1511050055,92,69.7,170.31,22.85,6.17
Fortuna,1,US,1511048100,76,40.6,-124.16,53.6,9.17
Pangnirtung,0,CA,1511050056,82,66.15,-65.71,-1.64,6.17
Puerto Leguizamo,48,CO,1511050056,86,-0.19,-74.78,81.57,1.25
Balclutha,0,NZ,1511050057,79,-46.23,169.75,60.11,10.98
Ambilobe,0,MG,1511050058,88,-13.2,49.05,66.77,3.71
Vao,44,NC,1511050058,100,-22.67,167.48,72.17,11.1
Oum Hadjer,0,TD,1511050059,31,13.3,19.7,70.41,8.63
Vila Franca do Campo,40,PT,1511047800,82,37.72,-25.43,66.2,8.05
Seoul,20,KR,1511049360,63,37.57,126.98,28.4,3.6
Mayo,40,US,1511049360,66,38.89,-76.51,59.0,14.99
Hasaki,40,JP,1511047800,49,35.73,140.83,46.4,17.22
Mar del Plata,0,AR,1511046000,54,-38.0,-57.56,57.2,6.4
Haimen,40,CN,1511046000,72,23.19,116.61,64.4,4.47
Kansanshi,44,ZM,1511050063,95,-12.1,26.43,62.36,6.29
Upernavik,0,GL,1511050063,100,72.79,-56.15,7.28,11.21
Carnarvon,0,AU,1511050064,99,-24.87,113.63,68.93,11.65
Vestmannaeyjar,0,IS,1511050065,100,63.44,-20.27,24.47,6.4
Alice Springs,48,AU,1511046000,20,-23.7,133.88,84.2,8.05
Saint-Augustin,68,CA,1511050065,100,51.23,-58.65,37.02,12.77
Grindavik,90,IS,1511047800,100,63.84,-22.43,32.0,1.12
Sao Miguel,20,BR,1511046000,74,-5.47,-35.37,78.8,8.05
Yellowknife,75,CA,1511046000,76,62.46,-114.35,-7.61,6.93
Russell,1,US,1511045760,39,38.9,-98.86,48.2,14.99
Ayan,8,RU,1511050068,100,56.45,138.17,-15.86,10.65
Najran,0,SA,1511046000,72,17.49,44.13,53.6,2.48
Rudnik,36,RU,1511050069,91,69.75,61.65,10.92,8.08
Bonavista,76,CA,1511050070,98,48.65,-53.11,37.74,9.64
Cove,12,BJ,1511050070,87,7.22,2.34,74.82,6.51
Kahama,20,TZ,1511050071,79,-3.83,32.6,62.99,3.83
Plettenberg Bay,0,ZA,1511050071,100,-34.05,23.37,60.56,3.38
Singaraja,40,ID,1511046000,88,-8.11,115.09,80.6,3.36
Sabha,68,LY,1511050072,37,27.04,14.43,45.21,3.15
Tura,0,IN,1511050072,91,25.52,90.22,61.82,2.37
Guerrero Negro,36,MX,1511049956,51,27.98,-114.06,80.0,2.71
Hithadhoo,76,MV,1511050073,100,-0.6,73.08,82.79,10.76
Margate,0,GB,1511049000,86,51.38,1.39,42.8,8.05
Severobaykalsk,68,RU,1511050075,77,55.65,109.32,-6.05,1.92
Wattegama,12,LK,1511050075,94,6.8,81.48,74.78,4.05
Antofagasta,0,CL,1511050076,78,-23.65,-70.4,59.79,2.71
Chepareria,8,KE,1511050077,94,1.31,35.2,49.22,1.48
Monkey Bay,56,MW,1511050077,100,-14.07,34.92,76.89,11.65
Ukiah,1,US,1511045760,35,39.15,-123.21,57.2,4.7
Ous,88,RU,1511050078,90,60.91,61.52,23.57,5.17
Buinsk,75,RU,1511046000,80,54.95,48.28,35.6,11.18
Mustasaari,88,FI,1511049000,100,63.17,21.67,32.0,10.29
Mehamn,80,NO,1511049984,74,71.04,27.85,18.44,2.93
Araouane,12,ML,1511050080,24,18.9,-3.53,55.56,7.29
Lagoa,76,PT,1511050081,99,39.05,-27.98,67.31,20.27
Kuningan,88,ID,1511050082,96,-6.98,108.48,73.47,3.38
Prince Rupert,90,CA,1511046000,100,54.32,-130.32,39.2,2.24
Bouca,24,CF,1511050083,94,6.51,18.27,70.32,6.96
Faanui,76,PF,1511050083,100,-16.48,-151.75,79.46,21.83
Hami,0,CN,1511050084,63,42.8,93.45,19.88,7.96
Chinsali,8,ZM,1511050084,57,-10.54,32.08,71.63,10.65
Saint-Philippe,20,RE,1511047800,78,-21.36,55.77,73.4,5.82
Muḩāfaz̧at Ḩamāh,56,SY,1511050086,49,35.17,37.25,53.09,4.5
Saint Anthony,40,US,1511049300,63,45.02,-93.22,30.2,13.87
Auki,64,SB,1511049882,100,-8.77,160.7,81.84,5.61
Lata,0,PT,1511046000,93,40.16,-8.33,46.4,2.24
Burshtyn,92,UA,1511050088,99,49.26,24.63,34.37,2.93
Awjilah,0,LY,1511050088,78,29.11,21.29,45.89,2.82
Buchanan,40,LR,1511044200,94,5.88,-10.05,78.8,4.38
Menongue,8,AO,1511050090,78,-14.66,17.69,65.96,3.27
Galveston,90,US,1511049180,47,29.3,-94.8,78.8,28.86
Krasnosel’kup,80,RU,1511050091,86,65.7,82.47,-2.72,9.75
Bako,32,ET,1511050091,71,5.78,36.57,60.38,1.48
Saint-Ambroise,90,CA,1511046000,79,48.55,-71.33,24.8,4.72
Edmonds,1,US,1511049360,61,47.81,-122.38,51.8,8.05
Piacabucu,0,BR,1511050093,82,-10.41,-36.43,74.82,8.63
Broome,75,AU,1511046000,74,-17.97,122.23,82.4,8.05
Codrington,0,AU,1511050094,83,-38.27,141.97,69.74,5.84
Zeya,8,RU,1511050095,91,53.75,127.27,-21.98,4.16
Grand Gaube,40,MU,1511046000,88,-20.01,57.66,75.2,4.7
Salalah,0,OM,1511045400,69,17.02,54.09,77.0,6.93
Mujiayingzi,0,CN,1511050096,68,42.12,118.78,5.84,3.6
Arraial do Cabo,48,BR,1511050097,82,-22.97,-42.03,77.52,21.39
Matagami,90,CA,1511046000,100,49.75,-77.63,23.0,3.36
Novobirilyussy,76,RU,1511050098,89,56.95,90.67,25.64,8.75
Souillac,40,MU,1511046000,88,-20.52,57.52,75.2,4.7
Comodoro Rivadavia,40,AR,1511046000,76,-45.87,-67.5,51.8,8.05
Kudat,75,MY,1511046000,94,6.88,116.85,77.0,2.24
Fairbanks,40,US,1511047200,75,64.84,-147.72,-11.21,3.71
Saint George,1,US,1511049360,15,37.1,-113.58,57.2,2.37
Ugoofaaru,88,MV,1511050100,100,5.67,73.0,82.34,1.81
Mahebourg,40,MU,1511046000,88,-20.41,57.7,75.2,4.7
Cherskiy,88,RU,1511050101,79,68.75,161.3,6.56,9.64
Shelburne,90,CA,1511046180,100,44.08,-80.2,46.4,3.36
Yishui,68,CN,1511050102,65,35.78,118.63,24.65,3.38
Tiksi,76,RU,1511050102,86,71.69,128.87,6.87,3.6
Mozarlandia,88,BR,1511050103,94,-14.74,-50.57,71.18,1.14
Zhigansk,36,RU,1511050104,76,66.77,123.37,-17.3,5.95
Klaksvik,32,FO,1511049000,69,62.23,-6.59,37.4,16.11
Zhangye,44,CN,1511050104,79,38.93,100.45,21.27,3.15
Sawakin,20,SD,1511046000,88,19.11,37.33,78.8,5.82
Kashira,40,RU,1511047800,86,54.84,38.17,33.8,6.71
Kurilsk,92,RU,1511050106,100,45.23,147.88,34.64,15.79
Mamallapuram,20,IN,1511047800,94,12.63,80.17,80.6,3.71
Bardstown,90,US,1511048700,93,37.81,-85.47,62.6,21.92
Aykhal,48,RU,1511050108,60,66.0,111.5,-13.83,2.93
Jinxi,92,CN,1511050108,67,30.43,116.29,36.98,5.5
Arman,40,RU,1511047800,92,59.7,150.17,12.2,2.24
Gushikawa,75,JP,1511047800,55,26.35,127.87,66.2,12.75
Geraldton,0,AU,1511046000,68,-28.77,114.6,66.2,9.17
Svetlogorsk,92,BY,1511050110,98,52.63,29.73,31.85,4.94
Pilar,40,BR,1511046000,83,-9.6,-35.96,75.2,9.17
Asyut,0,EG,1511050110,89,27.18,31.18,52.41,2.59
Te Anau,0,NZ,1511050110,73,-45.42,167.72,60.38,3.49
Shingu,40,JP,1511046000,66,33.73,135.98,48.2,19.46
Bousso,0,TD,1511050112,74,10.48,16.71,73.56,1.81
Norman Wells,75,CA,1511046000,76,65.28,-126.83,-7.61,3.36
Port Moresby,75,PG,1511046000,70,-9.44,147.18,86.0,4.7
Asau,75,RO,1511047800,100,46.43,26.4,44.6,6.93
Kamaishi,75,JP,1511046000,69,39.27,141.88,39.2,6.93
Ballina,92,AU,1511050114,100,-28.87,153.57,70.28,13.78
Hanstholm,92,DK,1511050114,95,57.12,8.62,47.06,32.35
Kahului,40,US,1511048700,61,20.89,-156.47,80.6,12.75
Baykit,76,RU,1511050115,74,61.67,96.37,-7.85,3.6
Maragogi,92,BR,1511049995,88,-9.01,-35.22,76.04,5.61
Saravena,0,CO,1511050046,90,6.95,-71.88,72.21,2.04
Rocha,0,UY,1511050116,58,-34.48,-54.33,50.48,6.51
Zhuhai,75,CN,1511049600,88,22.28,113.57,66.2,11.41
Tasiilaq,0,GL,1511049000,52,65.61,-37.64,17.6,6.93
Usinsk,88,RU,1511050118,90,65.99,57.53,25.37,10.76
Coquimbo,0,CL,1511050119,97,-29.95,-71.34,59.34,5.73
Kruisfontein,0,ZA,1511050119,95,-34.0,24.73,55.92,4.16
Alta Floresta,8,BR,1511050120,91,-9.88,-56.09,77.93,1.92
Sipe Sipe,75,BO,1511048040,46,-17.45,-66.38,75.2,12.75
Kouqian,56,CN,1511050121,70,43.64,126.46,3.99,3.71
Sitka,90,US,1511045760,100,57.05,-135.33,37.4,4.7
San Fernando,75,PH,1511046000,83,15.03,120.69,80.6,4.7
Creel,0,MX,1511049910,19,27.75,-107.63,61.73,5.28
Dickinson,75,US,1511049300,34,29.46,-95.05,78.8,14.99
Bahce,0,TR,1511045400,39,37.2,36.58,62.6,10.29
Harper,80,LR,1511050124,100,4.38,-7.72,77.57,7.29
Mollendo,0,PE,1511050124,63,-17.02,-72.01,60.29,2.71
Gambela,0,ET,1511050125,79,8.25,34.58,58.26,3.71
Aberdeen,0,GB,1511049000,80,57.14,-2.1,39.2,16.11
Iwaki,20,JP,1511046000,47,37.05,140.88,37.4,8.05
Kashechewan,24,CA,1511050127,77,52.3,-81.62,16.46,11.88
Adrar,0,DZ,1511046000,35,27.87,-0.29,55.4,9.17
Egvekinot,92,RU,1511050129,92,66.32,-179.17,25.1,2.59
Novobelokatay,88,RU,1511050129,92,55.71,58.95,28.74,9.75
La Palma,75,US,1511045880,47,33.85,-118.05,80.6,4.7
Akhisar,48,TR,1511050130,87,38.92,27.84,43.01,1.03
Itoman,75,JP,1511047800,55,26.12,127.67,66.2,12.75
Chumikan,0,RU,1511050131,100,54.72,135.31,-6.68,12.21
Chuy,0,UY,1511050131,77,-33.7,-53.46,54.53,10.65
Grande Riviere Sud Est,40,MU,1511046000,88,-20.29,57.78,75.2,4.7
Kysyl-Syr,48,RU,1511050132,80,63.9,122.76,-12.98,5.17
Florianopolis,75,BR,1511046000,78,-27.6,-48.55,71.6,9.17
Progreso,5,MX,1511045040,45,21.28,-89.67,84.2,6.93
Aswan,0,EG,1511050133,84,24.09,32.91,64.02,2.59
Cassilandia,80,BR,1511050134,97,-19.11,-51.73,68.66,1.81
Coihaique,0,CL,1511050134,41,-45.58,-72.07,43.37,7.4
Ostrovnoy,80,RU,1511050135,89,68.05,39.51,24.2,5.39
Dunedin,0,NZ,1511050135,81,-45.87,170.5,62.72,4.38
Georgetown,20,GY,1511046000,94,6.8,-58.16,77.0,9.17
Padang,64,ID,1511050136,100,-0.95,100.35,77.79,6.06
Parker,1,US,1511048160,24,39.52,-104.76,46.4,8.05
Boende,88,CD,1511050137,94,-0.22,20.87,72.53,1.36
Sioux Lookout,90,CA,1511048280,85,50.1,-91.92,14.0,5.82
Belem,0,BR,1511046000,74,-1.46,-48.5,80.6,9.17
Camacari,20,BR,1511046000,78,-12.7,-38.32,77.0,10.29
Labuhan,24,ID,1511050138,100,-6.88,112.21,80.9,6.73
Berlevag,80,NO,1511049975,100,70.86,29.09,31.71,3.49
Kloulklubed,75,PW,1511045460,83,7.04,134.26,84.2,12.44
Genoa,0,IT,1511050140,100,44.41,8.96,40.76,1.7
Bathsheba,75,BB,1511046000,83,13.22,-59.52,82.4,13.87
Pastavy,76,BY,1511050141,92,55.12,26.83,32.52,12.66
Suchitoto,0,SV,1511045400,78,13.94,-89.03,82.4,5.82
Isangel,76,VU,1511050142,100,-19.55,169.27,75.05,4.72
Taldan,20,RU,1511050143,65,53.67,124.8,-9.24,6.73
Liverpool,75,GB,1511049000,81,53.41,-2.98,44.6,3.36
Kurumkan,68,RU,1511050145,79,54.3,110.3,-7.13,2.15
Kochki,88,RU,1511050145,97,54.34,80.48,29.42,10.65
Nome,90,US,1511045820,100,64.5,-165.41,26.6,19.46
Bhawanigarh,0,IN,1511050146,86,30.27,76.03,50.21,8.3
Castlebar,92,IE,1511050146,100,53.85,-9.3,42.42,1.25
Starobesheve,80,UA,1511050147,93,47.75,38.03,33.69,5.17
Shimoda,75,JP,1511046000,50,34.67,138.95,51.8,10.29
Khorixas,0,NA,1511050148,55,-20.37,14.97,62.22,2.71
Kampala,44,UG,1511050148,91,0.32,32.58,61.1,2.93
Macaubas,76,BR,1511050149,95,-13.02,-42.7,70.14,2.37
Basoko,48,CD,1511050149,99,1.24,23.62,71.63,2.37
Omsukchan,0,RU,1511050150,31,62.53,155.8,-22.79,1.92
Bumbuna,36,SL,1511050151,95,9.05,-11.73,74.46,5.5
Dajabon,64,DO,1511050151,100,19.55,-71.71,75.27,10.09
Konstantinovsk,32,RU,1511050152,89,47.58,41.09,38.37,9.98
Atengo,0,MX,1511050153,22,20.17,-99.33,62.0,5.73
Santa Isabel do Rio Negro,12,BR,1511050153,86,-0.41,-65.02,81.17,2.37
Guntur,8,IN,1511049932,95,16.3,80.45,71.49,2.71
Mount Gambier,0,AU,1511050154,69,-37.83,140.77,77.12,4.94
Vanimo,24,PG,1511050154,100,-2.67,141.3,84.36,10.2
Berdigestyakh,44,RU,1511050155,73,62.1,126.7,-16.94,2.82
Sao Joao da Barra,64,BR,1511050156,97,-21.64,-41.05,76.85,29.66
Sovetskaya Gavan,0,RU,1511050156,100,48.97,140.29,9.26,15.46
Bonthe,8,SL,1511050157,96,7.53,-12.51,77.57,4.38
Tuy Hoa,92,VN,1511050011,100,13.08,109.3,73.79,15.9
Castro,92,BR,1511050006,100,-24.79,-50.01,62.18,3.38
Oktyabrskiy,76,RU,1511050158,93,54.48,53.47,31.26,8.41
Coahuayana,40,MX,1511044800,78,18.73,-103.68,78.8,11.41
Mahanoro,24,MG,1511050159,100,-19.9,48.8,67.44,2.37
Dniprodzerzhynsk,90,UA,1511047800,100,48.51,34.6,33.8,6.71
Tezu,0,IN,1511050160,72,27.92,96.17,54.57,1.59
Nantucket,90,US,1511048100,76,41.28,-70.1,55.4,8.05
Iberia,48,PE,1511050161,64,-11.35,-69.58,83.01,3.71
Nanortalik,56,GL,1511050162,97,60.14,-45.24,28.74,35.03
Puerto Escondido,5,MX,1511045100,78,15.85,-97.07,82.4,6.51
Mau,0,IN,1511050124,74,25.95,83.55,64.88,2.93
Freeport,90,US,1511049360,76,40.66,-73.58,55.4,16.11
Calama,0,CL,1511050164,49,-22.47,-68.93,51.47,2.59
Gao,48,ML,1511050165,38,16.27,-0.04,71.81,7.96
Mala,12,PE,1511050165,90,-12.66,-76.63,63.62,6.4
Bilibino,88,RU,1511050166,70,68.05,166.44,5.84,7.96
Ngunguru,92,NZ,1511050166,100,-35.62,174.5,60.47,27.65
Teguldet,80,RU,1511050167,87,57.31,88.17,29.69,8.19
Mogadishu,0,SO,1511050167,100,2.04,45.34,81.66,16.35
Nabire,24,ID,1511050168,85,-3.37,135.48,77.3,2.15
Provideniya,92,RU,1511050169,100,64.38,-173.3,35.04,14.23
Lompoc,1,US,1511048100,37,34.64,-120.46,69.8,10.29
Ostashkov,64,RU,1511050170,94,57.15,33.11,29.01,9.53
Edd,0,ER,1511050170,50,13.93,41.69,63.8,5.95
Kerema,80,PG,1511050171,95,-7.96,145.78,77.34,2.71
Namatanai,20,PG,1511050172,100,-3.67,152.43,83.78,3.94
Hearst,88,CA,1511050173,76,49.68,-83.67,22.71,7.63
Hailar,0,CN,1511050173,38,49.2,119.7,-26.34,3.71
Quatre Cocos,40,MU,1511046000,88,-20.21,57.76,75.2,4.7
Bahia Blanca,12,AR,1511049972,47,-38.72,-62.27,67.26,11.54
Amparafaravola,20,MG,1511050174,89,-17.58,48.22,56.87,2.71
Bondo,56,CD,1511050175,94,3.81,23.69,71.99,1.03
Almaznyy,36,RU,1511050175,94,48.04,40.05,36.12,9.64
Westport,90,US,1511049360,93,41.14,-73.36,55.4,4.7
Cabo Rojo,75,PR,1511045400,88,18.09,-67.15,77.0,4.05
Ulaangom,8,MN,1511050177,58,49.98,92.07,-16.4,1.81
Taoudenni,0,ML,1511050178,27,22.68,-3.98,52.64,6.96
Ulaanbaatar,0,MN,1511047800,69,47.91,106.88,-13.01,2.59
Yangjiang,76,CN,1511050179,100,21.85,111.97,67.13,24.74
Sept-Iles,75,CA,1511046000,80,50.2,-66.38,30.2,4.7
Cidreira,0,BR,1511050179,88,-30.18,-50.21,64.88,5.5
Chiredzi,8,ZW,1511050180,87,-21.05,31.67,68.07,7.96
Illela,0,NG,1511050181,58,13.73,5.3,70.37,2.82
Kovdor,56,RU,1511050181,100,67.57,30.48,12.68,2.71
Noumea,0,NC,1511047800,39,-22.28,166.46,78.8,5.82
Anadyr,90,RU,1511046000,92,64.75,177.48,24.8,40.26
Ludwigsburg,75,DE,1511049000,86,48.9,9.19,37.4,13.87
Pringsewu,48,ID,1511050183,87,-5.36,104.97,76.22,2.93
Srandakan,100,ID,1511050184,100,-7.94,110.25,73.07,3.38
Imeni Poliny Osipenko,48,RU,1511050184,57,52.42,136.49,-6.14,5.28
Fare,56,PF,1511050185,100,-16.7,-151.02,80.0,22.28
Namibe,0,AO,1511050185,100,-15.2,12.15,69.47,0.69
Luena,48,AO,1511050186,94,-11.78,19.92,61.28,2.59
Popondetta,36,PG,1511050186,88,-8.75,148.25,76.31,0.92
Walla Walla,1,US,1511049360,57,46.06,-118.34,50.0,3.36
Varhaug,40,NO,1511049000,75,58.61,5.65,44.6,26.4
Idritsa,88,RU,1511050188,90,56.33,28.9,33.96,13.11
Kondinskoye,88,RU,1511050189,87,59.65,67.41,23.79,5.5
Sao Goncalo dos Campos,20,BR,1511050189,75,-12.43,-38.97,74.96,7.18
Mangulile,12,HN,1511050190,72,15.07,-86.8,65.78,2.15
Gamba,88,GA,1511050190,97,-2.65,10.0,73.07,2.48
Plaster Rock,90,CA,1511045760,68,46.91,-67.39,28.4,4.7
Ornskoldsvik,92,SE,1511049000,85,63.29,18.72,23.0,12.75
Kambove,44,CD,1511050192,96,-10.88,26.6,61.01,3.15
Deniliquin,8,AU,1511050193,60,-35.53,144.97,75.54,13.0
Tymovskoye,76,RU,1511050193,79,50.85,142.66,13.26,7.96
Platanos,75,GR,1511049000,87,37.67,21.62,57.2,6.93
Acajutla,20,SV,1511045400,74,13.59,-89.83,84.2,4.7
Kirakira,76,SB,1511050196,100,-10.45,161.92,83.33,10.09
Cockburn Town,56,TC,1511050196,100,21.46,-71.14,80.27,19.82
Praia da Vitoria,75,PT,1511046000,94,38.73,-27.07,68.0,18.03
Springbok,0,ZA,1511050197,43,-29.66,17.89,47.19,2.82
Damaia,0,PT,1511047800,51,38.75,-9.21,59.0,3.36
Calamar,40,CO,1511046000,83,10.25,-74.91,82.4,4.7
Batemans Bay,64,AU,1511050199,77,-35.72,150.18,67.26,5.84
Aksum,0,ET,1511050200,80,14.12,38.72,44.04,2.37
Forli,0,IT,1511047200,93,44.22,12.05,44.6,3.36
Wau,0,SS,1511050200,88,7.7,28.0,70.01,3.71
Bowen,75,AU,1511046000,65,-20.02,148.23,78.8,8.05
Wamba,12,NG,1511050202,75,8.93,8.6,72.08,3.15
Makakilo City,75,US,1511045820,54,21.35,-158.09,80.6,10.29
Macapa,0,BR,1511046000,66,0.04,-51.07,84.2,9.17
Atbasar,80,KZ,1511050203,87,51.8,68.33,25.14,9.64
Manavalakurichi,40,IN,1511047800,88,8.13,77.3,80.6,4.7
Hinton,36,CA,1511050205,49,53.4,-117.59,33.51,9.08
Quelimane,75,MZ,1511046000,88,-17.88,36.89,77.0,5.82
Baillif,56,GP,1511047800,74,16.02,-61.75,80.6,5.82
Broken Hill,0,AU,1511050207,53,-31.95,141.43,78.24,11.99
Bandarbeyla,88,SO,1511050207,100,9.49,50.81,78.92,21.72
Inhambane,0,MZ,1511050208,98,-23.86,35.38,69.83,9.75
Ariquemes,0,BR,1511050208,87,-9.91,-63.04,78.51,2.15
Evensk,0,RU,1511050209,100,61.95,159.23,15.51,4.38
Butiama,20,TZ,1511046000,83,-1.77,33.97,69.8,5.84
Adilabad,0,IN,1511050116,85,19.67,78.53,64.97,2.59
Rurrenabaque,88,BO,1511050211,84,-14.44,-67.53,75.14,2.26
Boddam,12,GB,1511049000,80,57.47,-1.78,39.2,16.11
Elizabeth City,1,US,1511049540,67,36.29,-76.25,64.4,13.87
Zharkovskiy,92,RU,1511050212,98,55.85,32.27,32.39,6.96
Bobo-Dioulasso,0,BF,1511046000,33,11.18,-4.3,77.0,6.93
Virginia Beach,90,US,1511049540,55,36.85,-75.98,62.6,14.99
Sokoni,20,TZ,1511046000,94,-6.43,39.55,77.0,4.27
Vila,0,PT,1511049600,76,42.03,-8.16,51.8,6.93
Osypenko,44,UA,1511050215,100,46.91,36.83,40.62,3.71
Puerto Madryn,92,AR,1511050215,54,-42.77,-65.04,66.09,28.88
Mecca,40,SA,1511046000,83,21.43,39.83,80.6,2.71
Petropavlovsk-Kamchatskiy,90,RU,1511047800,93,53.05,158.65,35.6,22.37
Villamontes,92,BO,1511050217,74,-21.25,-63.5,63.35,8.08
Pontal,90,BR,1511046000,88,-21.02,-48.04,71.6,4.7
Camana,48,PE,1511050218,100,-16.62,-72.71,61.28,7.18
Antonio Enes,76,MZ,1511050219,99,-16.23,39.91,80.9,15.79
Galle,12,LK,1511050219,100,6.04,80.22,75.09,3.6
Bubaque,0,GW,1511046000,69,11.28,-15.83,77.0,4.7
Baghdad,44,IQ,1511046000,54,33.34,44.4,57.2,1.12
Umm Lajj,48,SA,1511050221,100,25.02,37.27,72.44,5.84
Carutapera,0,BR,1511050221,79,-1.2,-46.02,80.31,9.86
Durant,0,US,1511049300,50,33.99,-96.37,53.6,17.22
Kilifi,40,KE,1511046000,94,-3.63,39.85,78.8,2.71
Yarada,88,IN,1511050223,100,17.65,83.27,80.27,4.16
Port Lincoln,24,AU,1511050224,75,-34.73,135.87,70.59,14.23
Dublin,1,US,1511045880,42,37.7,-121.94,64.4,8.05
Xiangxiang,92,CN,1511050224,100,27.73,112.53,41.48,8.86
Athabasca,76,CA,1511050225,77,54.72,-113.29,22.44,6.17
Paka,75,MY,1511046000,100,4.64,103.44,73.4,4.38
Palmer,90,US,1511048880,71,42.16,-72.33,42.8,3.36
Pacific Grove,1,US,1511047800,42,36.62,-121.92,66.2,5.82
Indianola,1,US,1511048100,59,41.36,-93.56,39.2,19.46
Mersing,24,MY,1511050226,100,2.43,103.84,76.94,4.38
Gladstone,80,AU,1511050227,87,-23.85,151.25,72.08,9.42
Mabaruma,0,GY,1511050227,84,8.2,-59.78,80.81,8.41
Moerai,0,PF,1511050228,100,-22.43,-151.33,74.19,17.25
Tonantins,32,BR,1511049997,87,-2.87,-67.8,82.02,2.04
Oranjestad,40,AW,1511046000,83,12.52,-70.03,82.4,2.24
Rawson,92,AR,1511050228,62,-43.3,-65.1,63.8,28.1
Half Moon Bay,40,US,1511045760,51,37.46,-122.43,64.4,5.06
Mopipi,0,BW,1511050230,32,-21.18,24.88,56.96,2.93
Paamiut,68,GL,1511050231,100,61.99,-49.67,31.62,7.74
Estrela,48,BR,1511049963,82,-28.06,-50.94,60.65,10.42
Calvinia,0,ZA,1511050231,74,-31.47,19.78,43.59,2.48
Paragominas,32,BR,1511050232,85,-2.97,-47.48,76.49,7.18
Leh,76,IN,1511050233,69,34.17,77.58,-3.84,1.36
Phalombe,76,MW,1511050233,93,-15.81,35.65,68.75,3.38
Rivadavia,0,AR,1511046000,11,-33.19,-68.46,77.0,9.17
Nzerekore,24,GN,1511050234,94,7.76,-8.82,70.32,6.62
Zhizdra,80,RU,1511050235,96,53.75,34.74,32.79,10.87
Loiza,75,PR,1511045760,100,18.43,-65.88,75.2,7.74
Carnot,48,CF,1511050235,87,4.94,15.87,71.72,2.93
Porto Santo,40,PT,1511049600,68,33.07,-16.34,66.2,6.93
Osa,88,RU,1511050237,89,57.28,55.46,30.72,7.96
Nizhniy Kuranakh,48,RU,1511050237,74,58.84,125.49,-18.06,2.59
